%YAML:1.0
---
R: !!opencv-matrix
   rows: 3
   cols: 3
   dt: d
   data: [ 9.9906852365326071e-01, -2.4327285654942292e-02,
       3.5640822352420561e-02, 2.3067165439318693e-02,
       9.9910872335320422e-01, 3.5350598271111047e-02,
       -3.6469040621999689e-02, -3.4495537279381761e-02,
       9.9873923873247195e-01 ]
T: !!opencv-matrix
   rows: 3
   cols: 1
   dt: d
   data: [ -1.9046554778798301e+00, 5.8100921951038345e-02,
       5.1394000700297804e-01 ]
R1: !!opencv-matrix
   rows: 3
   cols: 3
   dt: d
   data: [ 9.7296972926639036e-01, -4.3906669194260214e-02,
       -2.2672033506404493e-01, 4.9313725284654865e-02,
       9.9861681751856446e-01, 1.8237551031967371e-02,
       2.2560598934832513e-01, -2.8925009409848483e-02,
       9.7378913600471206e-01 ]
R2: !!opencv-matrix
   rows: 3
   cols: 3
   dt: d
   data: [ 9.6505106187543321e-01, -2.9438581977674003e-02,
       -2.6040318328361967e-01, 2.5624155452855193e-02,
       9.9950900986956293e-01, -1.8031690073142013e-02,
       2.6080615527710721e-01, 1.0728890003616600e-02,
       9.6533157012959214e-01 ]
P1: !!opencv-matrix
   rows: 3
   cols: 4
   dt: d
   data: [ 3.4656017551989891e+02, 0., 5.3301033592224121e+02, 0., 0.,
       3.4656017551989891e+02, 2.4213382530212402e+02, 0., 0., 0., 1.,
       0. ]
P2: !!opencv-matrix
   rows: 3
   cols: 4
   dt: d
   data: [ 3.4656017551989891e+02, 0., 5.3301033592224121e+02,
       -6.8398218788154873e+02, 0., 3.4656017551989891e+02,
       2.4213382530212402e+02, 0., 0., 0., 1., 0. ]
Q: !!opencv-matrix
   rows: 4
   cols: 4
   dt: d
   data: [ 1., 0., 0., -5.3301033592224121e+02, 0., 1., 0.,
       -2.4213382530212402e+02, 0., 0., 0., 3.4656017551989891e+02, 0.,
       0., 5.0668011778680377e-01, 0. ]
