%YAML:1.0
---
M1: !!opencv-matrix
   rows: 3
   cols: 3
   dt: d
   data: [ 6.2843092701688238e+02, 0., 3.2317843701387960e+02, 0.,
       6.3309056424475034e+02, 2.3846105954187669e+02, 0., 0., 1. ]
D1: !!opencv-matrix
   rows: 1
   cols: 14
   dt: d
   data: [ -2.4467329246098307e-01, -3.2440852520605101e-01, 0., 0., 0.,
       0., 0., -8.2854054667049293e-01, 0., 0., 0., 0., 0., 0. ]
M2: !!opencv-matrix
   rows: 3
   cols: 3
   dt: d
   data: [ 6.2843092701688238e+02, 0., 3.1230209189528910e+02, 0.,
       6.3309056424475034e+02, 2.4370765346010339e+02, 0., 0., 1. ]
D2: !!opencv-matrix
   rows: 1
   cols: 14
   dt: d
   data: [ -3.0414985113933007e-01, -1.2308079354939742e-01, 0., 0., 0.,
       0., 0., -6.2478302942297848e-01, 0., 0., 0., 0., 0., 0. ]
